#	R	10		10
	R	1000		1000
	A	0.01			255,255,255

	c	0,0,-200	0,0,1		53
#	c	75,0,-75	-1,0,1		53
	l	0,0,-55		0.1		255,255,255

	pl	0,0,10	0,0,1	255,50,50
#	pl	0,-10,0	0,1,0	50,50,255

#	pl	0,0,0	1,0,0	50,255,50

#	sp	-10,0,0	8		255,255,0
#	sp	10,0,0	8		255,255,0

#	sp	-20,0,-5	8		255,255,0
#	sp	20,0,-5	8		255,255,0

#	sp	-30,0,-25	8		255,255,0
#	sp	30,0,-25	8		255,255,0

#	tr	0,5,0	-5,0,-5		5,0,-5	0,255,0


	cy	0,1,0	1,1,0	255,255,255		10	5
	cy	0,1,0	1,-1,0	255,255,255		10	5
	cy	0,1,0	0,1,0	255,255,255		10	5
	cy	0,1,0	1,0,0	255,255,255		10	5
#	cy	0,1,0	0,0,1	255,255,255		50	5
